Results for mul64_lut6.blif:
[2657, 1769, 1157, 801, 568, 439, 334, 229, 212, 151, 76, 41, 27, 23, 44, 54, 0, 0, 0, 0, 0, 0, 0, 0, 0, 0, 0, 0, 0, 0, 8582]

Results for mul8_lut6.blif:
[43, 29, 20, 16, 8, 5, 6, 0, 0, 0, 0, 0, 0, 0, 0, 0, 0, 0, 0, 0, 0, 0, 0, 0, 0, 0, 0, 0, 0, 0, 127]

Results for mul16_lut6.blif:
[158, 91, 80, 51, 43, 35, 20, 12, 11, 17, 0, 0, 0, 0, 0, 0, 0, 0, 0, 0, 0, 0, 0, 0, 0, 0, 0, 0, 0, 0, 518]

Results for mul4_lut4.blif:
[15, 8, 6, 4, 2, 0, 0, 0, 0, 0, 0, 0, 0, 0, 0, 0, 0, 0, 0, 0, 0, 0, 0, 0, 0, 0, 0, 0, 0, 0, 35]

Results for mul16_lut4.blif:
[170, 148, 96, 85, 67, 46, 49, 30, 12, 7, 6, 12, 11, 0, 0, 0, 0, 0, 0, 0, 0, 0, 0, 0, 0, 0, 0, 0, 0, 0, 739]

Results for mul32_lut4.blif:
[663, 611, 441, 335, 216, 161, 105, 109, 98, 54, 23, 15, 13, 14, 19, 17, 6, 0, 0, 0, 0, 0, 0, 0, 0, 0, 0, 0, 0, 0, 2900]

Results for mul4_lut6.blif:
[11, 6, 4, 2, 0, 0, 0, 0, 0, 0, 0, 0, 0, 0, 0, 0, 0, 0, 0, 0, 0, 0, 0, 0, 0, 0, 0, 0, 0, 0, 23]

Results for mul32_lut6.blif:
[636, 438, 313, 209, 154, 108, 106, 76, 34, 13, 14, 26, 18, 0, 0, 0, 0, 0, 0, 0, 0, 0, 0, 0, 0, 0, 0, 0, 0, 0, 2145]

Results for mul2_lut6.blif:
[4, 0, 0, 0, 0, 0, 0, 0, 0, 0, 0, 0, 0, 0, 0, 0, 0, 0, 0, 0, 0, 0, 0, 0, 0, 0, 0, 0, 0, 0, 4]

Results for mul8_lut4.blif:
[59, 36, 29, 19, 16, 10, 5, 5, 7, 0, 0, 0, 0, 0, 0, 0, 0, 0, 0, 0, 0, 0, 0, 0, 0, 0, 0, 0, 0, 0, 186]

Results for mul2_lut4.blif:
[4, 0, 0, 0, 0, 0, 0, 0, 0, 0, 0, 0, 0, 0, 0, 0, 0, 0, 0, 0, 0, 0, 0, 0, 0, 0, 0, 0, 0, 0, 4]

Results for mul64_lut4.blif:
[2726, 2614, 1788, 1190, 816, 571, 454, 352, 231, 237, 201, 110, 50, 28, 23, 24, 27, 38, 39, 23, 0, 0, 0, 0, 0, 0, 0, 0, 0, 0, 11542]

