1 4 3 2 2 2
1 8 5 2 5 2
1 16 11 3 10 3
1 32.21 3 21 3
1 64 43 4 36 4
2 4 4 2 2 2
2 8 11 3 7 3
2 16 25 4 19 3
2 32 50 5 37 4
2 64 102 6 77 5
3 4 5 2 3 2
3 8 13 3 9 3
3 16 27 4 21 3
3 32 53 5 40 4
3 64 105 6 81 5
11 2 2 1 2 1
11 4 6 2 5 2
11 8 18 4 15 3
11 16 47 5 37 4
11 32 105 7 85 5
11 64 226 8 175 6
12 2 4 1 4 1
12 4 35 5 23 4
12 8 186 9 127 7
12 16 739 13 518 10
12 32 2900 17 2145 13
12 64 11542 20 8582 16
13 2 4 1 4 1
13 4 59 15 45 10
13 8 258 36 187 26
13 16 1018 86 772 63
13 32 3999 202 3080 149
