#lut
op_type     op_num      lut-num     write-num       reg-num     read-num        write-num   cycle
seq             0           0           0               1           0               0           1
l_eq            1
 4bit   3*lut-4     2+1                 2*lut-6 1+1
 8bit   5*lut-4     4+1                 5*lut-6 4+1
 16bit  11*lut-4    8+2+1               10*lut-6 7+2+1
 32bit  21*lut-4    16+4+1              21*lut-6 16+4+1
 64bit  43*lut-4    32+8+2+1            36*lut-6 21+8+6+1

l_less          2
 4bit   4*lut-4     3+1                 2*lut-6 1+1
 8bit   11*lut-4    7+3+1               7*lut-6 3+3+1
 16bit  25*lut-4    15+6+3+1            19*lut-6 12+6+1
 32bit  50*lut-4    31+11+5+2+1         37*lut-6 22+10+4+1
 64bit  102*lut-4   63+21+11+4+2+1      77*lut-6 42 22 9 3 1

l_bigger        3
 4bit   5*lut-4     4+1                 3个lut-6 2+1
 8bit   13*lut-4    8+4+1               9个lut-6 4+4+1
 16bit  27*lut-4    16+6+4+1            21*lut-6 14+6+1
 32bit  53*lut-4    32+12+6+2+1         40*lut-6 23+12+4+1
 64bit  105*lut-4   64+22+10+6+2+1      81*lut-6 42+26+8+4+1

l_shiftL        4
l_shiftR        5
none lut

l_and           6
l_or            7
l_not           8
l_nor           9
l_xor           10
基础逻辑的任意组合，只要输出是1，都可以用lut单步实现，但是用其他可能要运行很多步骤
    N bit   N*lut

l_add           11
     2bit   2*lut-4     2                           2个lut-6 2
     4bit   6*lut-4     4+2                         5*lut-6   3+2
     8bit   18*lut-4    8+3+4+3                     15*lut-6  7+4+4
     16bit  47*lut-4    17+10+6+7+7                 37*lut-6  12+8+7+10
     32bit  105*lut-4   33+16+9+9+15+15+8           85*lut-6  30+13+9+15+18
     64bit  226*lut-4   67+35+18+13+14+27+31+21     175*lut-6 53+25+13+13+33+38

l_mul           12
     2bit   4*lut-4     4                                                                               4*lut-6     4
     4bit   35*lut-4    15+8+6+4+2                                                                      23*lut-6    11+6+4+2
     8bit   186*lut-4   59+36+29+19+16+10+5+5+7                                                         127*lut-6   43+29+20+16+8+5+6
     16bit  739*lut-4   170+148+96+85+67+46+49+30+12+7+6+12+11                                          518*lut-6    158, 91, 80, 51, 43, 35, 20, 12, 11, 17,
     32bit  2900*lut-4  663+611+441+335+216+161+105+109+98+54+23+15+13+14+19+17+6                       2145*lut-6    636, 438, 313, 209, 154, 108, 106, 76, 34, 13, 14, 26, 18
     64bit  11542*lut-4 2726+2614+1788+1190+816+571+454+352+231+237+201+110+50+28+23+24+27+38+39+23     8582*lut-6    2657, 1769, 1157, 801, 568, 439, 334, 229, 212, 151, 76, 41, 27, 23, 44, 54


l_div           13
    2bit   4*lut-4      4

    4bit   59*lut-4    8, 3, 1, 7, 2, 1, 6, 4, 1, 5, 5, 2, 7, 6, 1

    8bit   258*lut-4   9, 11, 9, 5, 3, 10, 5, 3, 1, 8, 7, 4, 4, 9, 6, 4, 2, 9, 7, 6, 5, 9, 8, 7, 4, 14, 9, 5, 5, 12, 9, 7, 11, 12, 11, 8

    16bit  1018*lut-4  16, 19, 28, 16, 13, 9, 3, 19, 9, 4, 5, 3, 20, 9, 6, 5, 2, 18, 11, 6, 6, 5, 23, 10, 6, 5, 3, 18, 13, 7, 6, 7, 23, 11, 7, 6, 7, 25, 14, 9, 8, 9, 25, 10, 7,
                       8, 5, 27, 14, 8, 6, 5, 18, 17, 12, 7, 9, 14, 20, 10, 7, 7, 21, 20, 11, 8, 10, 15, 21, 12, 9, 8, 26, 16, 10, 9, 7, 20, 19, 11, 8, 6, 20, 15, 17, 14

    32bit  3999*lut-4  23, 17, 30, 43, 31, 26, 24, 25, 9, 39, 12, 10, 7, 7, 4, 40, 14, 9, 7, 7, 5, 37, 17, 9, 7, 8, 6, 43, 15, 9, 7, 7, 6, 38, 19, 10, 7, 9, 7, 43, 16, 9, 8, 8,
                       6, 37, 23, 11, 8, 9, 7, 39, 22, 10, 10, 12, 10, 27, 37, 16, 11, 12, 14, 29, 36, 16, 11, 12, 14, 29, 36, 14, 10, 9, 11, 42, 23, 13, 10, 9, 10, 41, 23, 13,
                       9, 9, 11,  40, 24, 14, 9, 10, 10, 40, 30, 14, 12, 15, 25, 42, 22, 13, 12, 13, 9, 27, 40, 16, 10, 11, 13, 28, 41, 18, 9, 11, 10, 7, 41, 30, 14, 9, 13, 15,
                        49, 30, 14, 9, 13, 15, 24, 44, 23,11, 12, 18, 29, 44, 22, 12, 13, 18, 28, 45, 24, 13, 12, 15, 51,  32, 19, 10, 11, 11, 8, 42, 32, 15, 10, 12, 13, 33, 42,
                        19, 10, 11, 21, 29, 47, 27, 12, 11, 15, 42, 41, 21,12, 14, 20, 31, 46, 28, 13, 12, 15, 46, 36, 21, 12, 13, 13, 39, 37, 22, 12, 11, 10, 34, 18, 16, 32, 40

    64bit  15792*lut-4  42, 25, 40, 70, 68, 65, 49, 39, 43, 42, 28, 72, 20, 15, 11, 13, 19, 24, 61, 44, 18, 13, 13, 19, 27, 61, 43, 17, 12, 10, 13, 12, 66, 29, 19, 11, 14, 21, 17,
                        51, 50, 21, 13, 15, 20, 22, 59, 46, 21, 12, 15, 20, 22, 59, 44, 23, 11, 11, 14, 14, 67, 36, 19, 12, 14, 21, 19, 53, 55, 23, 14, 15, 20, 22, 60, 48, 24, 14,
                         15, 20, 22, 59, 45, 27, 13, 11, 14, 16, 67, 34, 19, 12, 10, 14, 14, 66, 35, 20, 12, 11, 15, 14, 65, 35, 20, 12, 11, 15, 14, 65, 34, 19, 13, 10, 16, 15, 67,
                          42, 22, 13, 9, 14, 16, 13, 82, 33, 17, 12, 10, 17, 15, 68, 49, 23, 13, 14, 20, 23, 55, 66, 35, 17, 13, 14, 22, 80, 45, 24, 13, 14, 19, 21, 50, 74, 35, 17,
                           12, 15, 23, 80, 46, 23, 13, 12, 14, 18, 71, 48, 27, 15, 11, 15, 20, 74, 54, 27, 16, 16, 20, 27, 59, 67, 32, 17, 16, 20, 31, 61, 64, 31, 17, 15, 20, 31, 61,
                            63, 34, 16, 13, 17, 23, 76, 51, 27, 15, 13, 15, 19, 71, 49, 27, 17, 12, 16, 18, 67, 50, 27, 17, 12, 17, 20, 72, 54, 26, 17, 17, 24, 49, 75, 47, 26, 13, 12,
                             14, 17, 11, 78, 52, 26, 14, 17, 21, 28, 53, 82, 35, 17, 13, 14, 21, 17, 78, 50, 26, 12, 14, 18, 21, 79, 60, 31, 18, 16, 21, 28, 56, 85, 37, 19, 11, 14, 20,
                              20, 84, 53, 27, 13, 15, 19, 22, 82, 57, 32, 17, 14, 19, 23, 81, 62, 32, 19, 19, 25, 28, 55, 84, 38, 22, 10, 16, 23, 20, 86, 56, 25, 17, 13, 18, 27, 80, 60,
                               34, 18, 13, 20, 23, 80, 67, 35, 19, 15, 25, 36, 57, 88, 41, 23, 14, 23, 34, 56, 88, 44, 26, 16, 23, 31, 57, 87, 48, 25, 15, 25, 31, 81, 60, 32, 21, 11, 17,
                                26, 18, 79, 66, 28, 16, 17, 25, 31, 97, 64, 38, 19, 17, 27, 35, 59, 91, 43, 23, 17, 25, 34, 51, 92, 48, 25, 17, 18, 27, 19, 90, 70, 34, 20, 17, 28, 32, 103,
                                 63, 35, 19, 18, 25, 27, 95, 66, 38, 21, 16, 28, 29, 101, 69, 37, 22, 19, 26, 36, 57, 98, 49, 22, 15, 23, 38, 58, 91, 48, 27, 16, 23, 32, 58, 94, 60, 28, 15,
                                  19, 32, 82, 84, 44, 21, 16, 23, 36, 60, 94, 60, 27, 15, 19, 32, 83, 79, 44, 22, 14, 19, 27, 72, 80, 44, 23, 14, 16, 21, 62, 35, 24, 23, 33, 60, 57

    2bit    4*lut-6     4

    4bit    45*lut-6    8, 3, 5, 2, 4, 2, 5, 3, 7, 6

    8bit    187*lut-6   9, 13, 10, 6, 7, 5, 4, 7, 4, 6, 2, 5, 5, 3, 8, 8, 2, 12, 9, 5, 13, 8, 6, 13, 11, 6

    16bit    772*lut-6    17, 31, 29, 14, 13, 12, 8, 2, 11, 5, 4, 7, 12, 8, 7, 11, 5, 6, 9, 11, 12, 14, 12, 5, 4, 18, 12, 11, 13, 13, 8, 6, 19, 11, 6, 5, 14, 12, 8, 6, 20, 14,
                            9, 9, 23, 12, 7, 7, 20, 19, 9, 15, 32, 13, 9, 14, 26, 13, 7, 14, 14, 19, 16

    32bit    3080*lut-6   27, 27, 48, 49, 23, 22, 19, 28, 9, 7, 12, 26, 13, 11, 16, 19, 6, 7, 28, 11, 8, 7, 19, 21, 9, 11, 24, 21, 9, 9, 29, 9, 9, 5, 27, 16, 9, 12, 27, 19, 9,
                            8, 6, 40, 20, 11, 12, 27, 20, 12, 8, 12, 37, 20, 10, 12, 21, 24, 15, 11, 10, 34, 19, 7, 11, 18, 38, 21, 16, 19, 34, 16, 9, 15, 30, 26, 12, 11, 12, 31,
                             26, 10, 8, 10, 33, 23, 16, 11, 19, 43, 22, 9, 13, 12, 34, 30, 15, 17, 22, 34, 27, 18, 25, 38, 36, 17, 15, 33, 38, 16, 13, 16, 30, 33, 16, 11, 9, 32,
                             28, 15, 18, 25, 49, 32, 17, 18, 32, 42, 20, 19, 28, 49, 35, 15, 15, 39, 38, 18, 13, 12, 29, 47, 21, 8, 9, 35, 22, 28, 42

    64bit    12507*lut-6   37, 32, 70, 94, 56, 43, 37, 36, 86, 20, 15, 10, 8, 61, 19, 15, 22, 46, 49, 14, 8, 14, 11, 76, 18, 11, 21, 44, 37, 13, 14, 34, 53, 40, 14, 11, 20, 50, 36,
                            23, 12, 12, 70, 25, 13, 14, 21, 72, 26, 11, 14, 19, 74, 32, 17, 41, 56, 40, 18, 10, 17, 18, 62, 26, 15, 17, 14, 67, 23, 9, 15, 12, 61, 22, 11, 15, 14, 54,
                             18, 9, 15, 11, 57, 32, 14, 14, 26, 43, 61, 17, 13, 19, 28, 63, 17, 14, 25, 75, 36, 14, 14, 20, 79, 35, 17, 16, 21, 75, 37, 13, 14, 24, 93, 35, 14, 15, 19,
                              76, 29, 15, 16, 18, 78, 34, 15, 20, 26, 67, 46, 20, 15, 27, 73, 44, 23, 16, 23, 76, 45, 19, 12, 25, 85, 44, 14, 13, 20, 68, 42, 16, 13, 21, 67, 39, 18, 12,
                               20, 70, 40, 18, 17, 23, 70, 52, 25, 17, 23, 36, 72, 25, 19, 17, 24, 77, 48, 22, 15, 28, 37, 68, 27, 18, 18, 26, 87, 47, 20, 11, 23, 72, 56, 28, 18, 22, 49,
                                63, 31, 18, 22, 31, 83, 44, 21, 17, 22, 81, 48, 28, 15, 31, 66, 74, 33, 14, 21, 21, 83, 49, 28, 19, 22, 75, 53, 26, 15, 28, 53, 72, 29, 17, 21, 31, 81, 60,
                                 29, 15, 28, 57, 73, 36, 15, 21, 35, 87, 67, 28, 18, 37, 64, 61, 29, 14, 21, 19, 66, 49, 29, 18, 24, 31, 104, 50, 23, 20, 26, 75, 66, 33, 12, 20, 36, 90, 59,
                                  26, 20, 41, 70, 68, 32, 21, 25, 45, 112, 49, 24, 21, 36, 70, 78, 38, 23, 36, 77, 81, 45, 22, 21, 35, 91, 58, 27, 17, 33, 55, 88, 50, 23, 23, 37, 90, 68, 28,
                                   19, 30, 56, 88, 46, 22, 21, 35, 84, 67, 36, 20, 30, 62, 88, 48, 22, 15, 31, 89, 58, 35, 16, 23, 43, 50, 22, 20, 60, 72